10

21 21
0 0 0 0 1 0 1 0 0 0 0 1 0 0 0 0 0 1 0 0 0
1 1 1 0 1 0 1 0 1 1 0 1 0 1 1 1 0 1 0 1 0
1 0 0 0 1 0 0 0 0 1 0 0 0 1 0 0 0 0 0 1 0
1 1 1 0 1 1 1 1 0 1 1 1 0 1 0 1 1 1 1 1 0
0 0 0 0 0 0 0 1 0 0 0 0 0 1 0 0 0 0 0 0 0
0 1 1 1 1 1 0 1 1 1 1 0 1 1 1 1 1 1 1 1 0
0 0 0 0 0 1 0 0 0 0 1 0 0 0 0 0 0 0 0 0 0
1 1 1 1 0 1 1 1 1 0 1 0 1 1 1 1 1 1 1 1 0
0 0 0 1 0 0 0 0 1 0 1 0 0 0 0 0 0 0 0 1 0
0 1 0 1 1 1 1 0 1 0 1 1 1 1 1 1 1 1 0 1 0
0 1 0 0 0 0 1 0 1 0 0 0 0 0 0 0 0 1 0 1 0
0 1 1 1 1 0 1 0 1 1 1 1 1 0 1 1 0 1 0 1 0
0 0 0 0 1 0 0 0 0 0 0 0 1 0 0 1 0 1 0 0 0
1 1 1 0 1 1 1 1 1 1 1 0 1 0 1 1 0 1 1 1 0
0 0 1 0 0 0 0 0 0 0 1 0 1 0 0 0 0 0 0 1 0
0 1 1 1 1 1 1 0 1 0 1 1 1 1 1 1 1 1 0 1 0
0 0 0 0 0 0 1 0 1 0 0 0 0 0 0 0 0 1 0 1 0
1 1 1 1 1 0 1 0 1 1 1 1 1 1 1 1 0 1 0 1 0
0 0 0 0 1 0 1 0 0 0 0 0 0 0 0 1 0 1 0 1 0
0 1 1 0 1 0 1 1 1 1 1 1 1 1 0 1 0 1 0 1 0
0 0 0 0 0 0 0 0 0 0 0 0 0 0 0 0 0 0 0 0 0
 
15 15
0 0 0 1 0 0 1 1 1 1 0 0 0 1 1
1 1 0 1 0 1 1 1 0 1 0 1 1 1 1
0 0 0 0 0 0 0 1 0 0 0 0 0 1 1
0 1 1 1 1 1 0 1 1 1 1 1 0 1 1
0 0 0 0 0 1 0 0 0 0 0 1 0 0 0
1 1 1 1 0 1 1 1 1 1 0 1 1 1 0
0 0 0 1 0 0 0 0 0 1 0 0 0 1 0
0 1 0 1 1 1 1 1 0 1 1 1 0 1 0
0 1 0 0 0 0 0 1 0 0 0 1 0 0 0
0 1 1 1 1 1 0 1 1 1 0 1 1 1 0
0 0 0 0 0 1 0 0 0 1 0 0 0 1 0
1 1 1 1 0 1 1 1 0 1 1 1 0 1 0
0 0 0 1 0 0 0 1 0 0 0 1 0 0 0
0 1 0 1 1 1 0 1 1 1 0 1 1 1 0
0 1 0 0 0 0 0 0 0 0 0 0 0 0 0

16 16
0 0 1 0 0 0 1 0 0 0 0 1 0 0 0 0
1 0 1 1 1 0 1 0 1 1 0 1 0 1 1 0
1 0 0 0 1 0 0 0 0 1 0 0 0 0 1 0
0 1 1 0 1 1 1 1 0 1 1 1 1 0 1 0
0 0 0 0 0 0 0 1 0 0 0 0 1 0 0 0
1 1 1 1 1 1 0 1 1 1 1 0 1 1 1 0
0 0 0 0 0 1 0 0 0 0 1 0 0 0 1 0
0 1 1 1 0 1 1 1 1 0 1 1 1 0 1 0
0 0 0 1 0 0 0 0 1 0 0 0 1 0 0 0
1 1 0 1 1 1 1 0 1 1 1 0 1 1 1 0
0 0 0 0 0 0 1 0 0 0 1 0 0 0 1 0
0 1 1 1 1 0 1 1 1 0 1 1 1 0 1 0
0 0 0 1 0 0 0 0 1 0 0 0 1 0 0 0
1 1 0 1 1 1 1 0 1 1 1 0 1 1 1 0
0 1 0 0 0 0 0 0 0 0 0 0 0 0 0 0
0 1 1 1 1 1 1 1 1 1 1 1 1 1 1 0

17 17
0 0 0 1 0 0 0 0 0 1 0 0 0 0 0 0 0
1 1 0 1 0 1 1 1 0 1 0 1 1 1 1 1 0
0 0 0 0 0 0 0 1 0 0 0 0 0 0 1 0 0
0 1 1 1 1 1 0 1 1 1 1 1 1 0 1 0 1
0 0 0 0 0 1 0 0 0 0 0 0 1 0 0 0 1
1 1 1 1 0 1 1 1 1 1 1 0 1 1 1 0 1
0 0 0 1 0 0 0 0 0 0 1 0 0 0 1 0 1
0 1 0 1 1 1 1 1 1 0 1 1 1 0 1 0 1
0 1 0 0 0 0 0 0 1 0 0 0 1 0 0 0 1
0 1 1 1 1 1 1 0 1 1 1 0 1 1 1 0 1
0 0 0 0 0 0 1 0 0 0 1 0 0 0 1 0 1
1 1 1 1 1 0 1 1 1 0 1 1 1 0 1 0 1
0 0 0 1 0 0 0 0 1 0 0 0 1 0 0 0 1
0 1 0 1 1 1 1 0 1 1 1 0 1 1 1 0 1
0 1 0 0 0 0 0 0 0 0 0 0 0 0 1 0 1
0 1 1 1 1 1 1 1 1 1 1 1 1 0 1 0 1
0 0 0 0 0 0 0 0 0 0 0 0 0 0 0 0 0

18 18
0 1 1 0 0 0 0 1 0 0 0 0 1 1 1 1 1 1
0 1 1 0 1 1 0 1 0 1 1 0 1 0 1 1 1 1
0 1 0 0 0 1 0 0 0 0 1 0 0 0 0 0 1 1
0 1 1 1 0 1 1 1 1 0 1 1 1 1 1 0 1 1
0 0 0 1 0 0 0 0 1 0 0 0 0 0 1 0 0 1
1 1 0 0 1 1 1 0 1 1 1 1 1 0 1 1 1 1
0 0 1 0 0 1 1 0 0 0 0 0 1 0 0 0 1 1
0 1 1 1 0 1 1 1 1 1 1 0 1 1 1 0 1 1
0 1 0 1 0 0 0 0 0 0 1 0 0 0 1 0 0 1
1 1 1 0 1 1 1 1 1 0 1 1 1 0 1 1 1 1
0 0 1 0 0 0 0 0 1 0 0 0 1 0 0 0 1 1
0 1 1 1 1 1 1 0 1 1 1 0 1 1 1 0 1 1
0 0 0 0 0 0 1 0 0 0 1 0 0 0 1 0 0 0
1 1 1 1 1 0 1 1 1 0 1 1 1 0 1 1 1 1
0 0 0 0 1 0 0 0 1 0 0 0 1 0 0 0 0 0
0 1 1 0 1 1 1 0 1 1 1 0 1 1 1 1 1 0
0 0 0 0 0 0 0 0 0 0 1 0 0 0 0 0 1 0
0 1 1 1 1 1 1 1 1 0 1 1 1 1 1 0 0 0

22 22
0 0 1 1 0 0 1 0 0 0 0 1 0 0 0 0 1 0 0 0 0 0
1 0 1 0 1 0 1 0 1 1 0 1 0 1 1 0 1 0 1 1 1 0
0 0 0 0 1 0 0 0 0 1 0 0 0 0 1 0 0 0 0 0 1 0
1 1 1 1 1 1 1 1 0 1 1 1 1 0 1 1 1 1 1 0 1 0
0 0 0 0 0 0 0 1 0 0 0 0 1 0 0 0 0 0 1 0 0 0
1 1 1 1 1 1 0 1 1 1 1 0 1 1 1 1 1 0 1 1 1 0
0 0 0 0 0 1 0 0 0 0 1 0 0 0 0 0 1 0 0 0 1 0
0 1 1 1 0 1 1 1 1 0 1 1 1 1 1 0 1 1 1 0 1 0
0 0 0 1 0 0 0 0 1 0 0 0 0 0 1 0 0 0 1 0 0 0
1 1 0 1 1 1 1 0 1 1 1 1 1 0 1 1 1 0 1 1 1 0
0 0 0 0 0 0 1 0 0 0 0 0 1 0 0 0 1 0 0 0 1 0
0 1 1 1 1 0 1 1 1 1 1 0 1 1 1 0 1 1 1 0 1 0
0 0 0 0 1 0 0 0 0 0 1 0 0 0 1 0 0 0 1 0 0 0
1 1 1 0 1 1 1 1 1 0 1 1 1 0 1 1 1 0 1 1 1 0
0 0 0 0 0 0 0 0 1 0 0 0 1 0 0 0 1 0 0 0 0 0
0 1 1 1 1 1 1 0 1 1 1 0 1 1 1 0 1 1 1 1 1 0
0 0 0 0 0 0 1 0 0 0 1 0 0 0 1 0 0 0 0 0 1 0
1 1 1 1 1 0 1 1 1 0 1 1 1 0 1 1 1 1 1 0 1 0
0 0 0 0 1 0 0 0 1 0 0 0 1 0 0 0 0 0 1 0 0 0
0 1 1 0 1 1 1 0 1 1 1 0 1 1 1 0 1 0 1 1 1 0
0 0 0 0 0 0 0 0 0 0 1 0 0 0 0 0 1 0 0 0 0 0
0 1 1 1 1 1 1 1 1 0 1 1 1 1 1 1 1 1 1 1 1 0

23 23
0 1 1 1 1 1 1 1 1 1 1 1 1 1 1 1 1 1 1 1 1 1 1
0 0 1 0 0 0 0 0 0 0 0 0 0 0 0 0 0 0 0 0 0 0 1
1 0 1 1 1 1 1 1 1 1 1 1 1 1 1 1 1 1 1 1 1 0 1
1 0 1 0 0 1 0 0 0 1 0 0 0 0 0 0 0 0 0 0 1 0 1
1 0 1 1 1 1 1 1 1 1 1 1 1 1 1 1 1 1 1 0 1 0 1
1 0 1 0 0 0 0 0 0 0 0 0 0 0 0 0 0 0 1 0 1 0 1
1 0 1 0 1 1 1 1 1 1 1 1 1 1 1 1 1 0 1 0 1 0 1
1 0 1 0 1 0 0 0 0 0 0 0 0 0 0 0 1 0 0 0 0 0 1
1 0 1 0 1 0 1 1 1 1 1 1 1 1 1 0 1 0 1 0 1 1 1
1 0 1 0 1 0 1 0 0 0 0 0 0 0 1 0 1 0 1 0 1 0 1
1 0 1 0 1 0 1 0 1 1 1 1 1 0 1 0 1 0 1 0 1 0 1
1 0 1 0 1 0 0 0 0 0 0 0 0 0 0 0 0 0 1 0 1 0 1
1 0 1 0 1 0 1 0 1 0 1 0 1 0 1 0 1 0 1 0 1 0 1
1 0 1 0 1 0 1 0 1 0 1 0 1 0 1 0 1 0 1 0 1 0 1
1 0 0 0 1 0 1 0 1 0 1 0 1 0 1 0 1 0 1 0 1 0 1
1 0 1 0 1 0 1 0 1 0 1 0 1 0 1 0 1 0 1 0 1 0 1
1 0 1 0 0 0 0 0 1 0 1 0 1 0 1 0 1 0 1 0 1 0 1
1 0 1 0 1 0 1 0 1 0 1 0 1 0 1 0 1 0 1 0 1 0 1
1 0 1 0 1 0 1 0 0 0 0 0 1 0 1 0 1 0 1 0 1 0 1
1 0 1 0 1 0 1 0 1 0 1 0 1 0 1 0 1 0 1 0 1 0 1
1 0 1 0 0 1 0 1 0 0 0 0 0 0 0 0 0 0 0 0 1 0 1
1 0 1 1 1 1 1 1 1 1 1 1 1 1 1 1 1 1 1 0 1 0 0
1 0 0 0 0 0 0 0 0 0 0 0 0 0 0 0 0 0 0 0 0 0 0

19 19
0 0 0 0 0 0 0 0 1 0 0 0 0 0 1 0 0 0 1
1 1 1 1 1 1 1 0 1 0 1 1 1 0 1 0 1 1 1
0 0 0 0 0 0 1 0 0 1 0 0 1 0 0 0 0 1 1
0 1 1 1 1 0 1 0 1 1 1 0 1 1 1 1 0 1 0
0 0 0 0 1 0 0 0 0 0 1 0 0 0 0 1 0 0 0
1 1 1 0 1 1 1 1 1 0 1 1 1 1 0 1 1 1 0
0 0 1 0 0 0 0 0 1 0 0 0 0 1 0 0 0 1 0
0 1 1 1 1 1 1 0 1 1 1 1 0 1 1 1 0 1 0
0 0 0 0 0 0 1 0 0 0 0 1 0 0 0 1 0 0 1
1 1 1 1 1 0 1 1 1 1 0 1 1 1 0 1 1 1 1
0 0 0 0 1 0 0 0 0 1 0 0 0 1 0 0 0 1 1
0 1 1 0 1 1 1 1 0 1 1 1 0 1 1 1 0 1 1
0 0 1 0 0 0 0 1 0 0 0 1 0 0 0 1 0 0 1
1 0 1 1 1 1 0 1 1 1 0 1 1 1 0 1 1 0 1
0 0 0 0 0 1 0 0 0 1 0 0 0 1 0 0 0 0 0
0 1 1 1 0 1 1 1 0 1 1 1 0 1 1 1 1 0 1
0 0 0 1 0 0 0 0 0 0 0 0 0 0 0 0 0 0 1
1 1 0 0 0 1 1 1 1 1 1 1 1 1 1 1 1 0 0
1 0 1 1 0 0 0 0 0 0 0 0 0 0 0 0 1 1 0

20 20
0 0 0 1 0 0 0 0 1 1 0 0 0 0 0 1 0 0 0 0
1 1 0 1 0 1 1 1 0 1 0 1 1 1 0 1 0 1 1 0
0 0 0 0 0 0 0 1 0 0 0 0 0 1 0 0 0 0 1 0
1 1 1 1 1 1 0 1 1 1 1 1 0 1 1 1 1 0 1 0
0 0 0 0 0 1 0 0 0 0 0 1 0 0 0 0 1 0 0 0
1 1 1 1 0 1 1 1 1 1 0 1 1 1 1 0 1 1 1 0
0 0 0 1 0 0 0 0 0 1 0 0 0 0 1 0 0 0 1 0
0 1 0 1 1 1 1 1 0 1 1 1 1 0 1 1 1 0 1 0
0 1 0 0 0 0 0 1 0 0 0 0 1 0 0 0 1 0 0 0
0 1 1 1 1 1 0 1 1 1 1 0 1 1 1 0 1 1 1 0
0 0 0 0 0 1 0 0 0 0 1 0 0 0 1 1 0 0 1 0
1 1 1 1 0 1 1 1 1 0 1 1 1 0 1 1 1 0 1 0
0 0 0 1 0 0 0 0 1 0 0 0 1 0 0 0 1 0 0 0
0 1 0 1 1 1 1 0 1 1 1 0 1 1 1 0 1 1 1 0
0 1 0 0 0 0 1 0 0 0 1 0 0 0 1 0 0 0 0 0
0 1 1 1 1 0 1 1 1 0 1 1 1 0 1 1 1 1 1 0
0 0 0 0 1 0 0 0 0 0 0 0 1 0 0 0 0 0 1 0
1 1 1 0 1 1 1 1 1 1 1 0 1 1 1 1 1 0 1 0
0 0 0 0 0 0 0 0 0 0 1 0 0 0 0 0 0 0 0 0
0 1 1 1 1 1 1 1 1 0 1 1 1 1 1 1 1 1 1 0

14 14
0 0 1 0 0 0 0 1 0 0 0 1 0 0
1 0 1 0 1 1 0 1 0 1 0 1 0 1
0 0 0 0 1 0 0 0 0 1 0 0 0 0
0 1 1 0 1 0 1 1 1 0 1 1 1 0
0 0 0 0 0 0 1 0 0 0 0 0 1 0
1 1 1 1 1 0 1 0 1 1 1 0 1 0
0 0 0 0 1 0 0 0 1 0 0 0 0 0
0 1 1 0 1 1 1 0 1 0 1 1 1 0
0 0 1 0 0 0 1 0 0 0 1 0 0 0
1 0 1 1 1 0 1 1 1 0 1 1 1 0
0 0 0 0 0 0 0 0 1 0 0 0 1 0
0 1 1 1 1 1 1 0 1 1 1 0 1 0
0 0 0 0 0 0 1 0 0 0 0 0 0 0
1 1 1 1 1 0 1 1 1 1 1 1 1 0